cam0:
  cam_overlaps:
  - 1
  camera_model: pinhole
  distortion_coeffs:
  - -0.09657951210041545
  - -0.013395220765769694
  - 0.017111906773563897
  - -0.006311088009658009
  distortion_model: equidistant
  intrinsics:
  - 356.1566404414342
  - 354.63901192029726
  - 335.62436940617175
  - 205.4047755304641
  resolution:
  - 640
  - 400
  rostopic: /oak_ros/oak1/left/image_rect_raw
cam1:
  T_cn_cnm1:
  - - 0.7593297965752093
    - 0.07304969562833394
    - -0.6465926089909004
    - -0.07615386440481213
  - - -0.05773273809849655
    - 0.9973229918847692
    - 0.04487516918812921
    - 0.0025875281120335356
  - - 0.6481397927798462
    - 0.0032545086603949815
    - 0.7615144234935263
    - -0.02946741809006278
  - - 0.0
    - 0.0
    - 0.0
    - 1.0
  cam_overlaps:
  - 0
  camera_model: pinhole
  distortion_coeffs:
  - -0.10173095435806487
  - 0.009686542570761328
  - -0.00993020488805264
  - 0.003644434594778213
  distortion_model: equidistant
  intrinsics:
  - 358.53136755595045
  - 357.09903135103343
  - 322.1042889633994
  - 200.3561375279852
  resolution:
  - 640
  - 400
  rostopic: /oak_ros/oak1/rgb/image_rect_raw